2
2
7
7
7
9
10
10
11
11
11
12
13
14
14
16
18
19
20
20
22
22
27
27
27
27
28
30
31
34
35
39
39
39
39
40
42
42
42
45
45
47
50
52
52
52
54
54
55
55
55
57
58
58
58
62
64
64
65
67
73
74
75
76
77
78
78
79
80
82
85
85
86
87
88
88
89
89
89
90
93
93
95
97
97
97
98
99
100
101
102
103
104
104
106
106
107
108
108
108
109
110
117
117
118
119
119
120
122
124
124
125
125
126
129
131
132
132
134
134
140
141
142
142
143
145
148
148
148
148
149
151
153
156
157
158
159
160
160
160
160
161
161
162
163
164
165
166
169
170
171
172
172
172
173
175
175
175
177
177
178
180
181
183
184
186
186
187
188
188
189
193
194
195
195
195
196
198
198
199
201
201
202
205
205
205
206
208
209
210
210
212
214
214
216
216
218
218
218
219
219
221
222
222
223
224
224
225
226
226
227
228
229
234
236
237
238
239
240
240
241
242
244
246
246
246
249
252
253
255
255
255
257
258
259
260
261
262
264
264
267
268
269
271
272
273
274
274
275
276
276
276
276
277
277
280
280
281
281
283
284
284
287
289
292
292
293
293
293
293
294
296
297
298
299
301
302
304
304
306
306
306
308
311
311
312
313
314
314
316
317
317
317
317
317
317
319
320
320
321
322
323
323
330
331
331
331
333
334
336
336
337
338
339
339
340
341
342
342
343
344
344
345
345
345
345
346
347
348
350
351
352
352
353
354
354
355
359
361
361
362
365
366
366
367
367
367
368
368
370
373
373
374
374
374
379
379
379
380
380
380
382
383
385
386
387
387
389
390
391
394
394
394
395
396
396
397
397
400
406
407
409
410
412
412
412
414
414
414
415
416
416
417
417
418
418
419
419
419
420
421
421
422
423
424
425
426
430
430
432
434
434
436
437
437
439
439
443
445
448
449
449
450
452
452
453
455
459
460
460
464
464
464
465
466
468
469
472
474
474
475
475
477
477
479
479
480
480
480
483
483
483
484
486
491
492
495
497
497
498
500
501
501
502
502
502
503
503
504
505
510
510
511
513
513
513
516
516
516
517
519
523
523
523
524
526
526
529
529
529
531
533
535
535
539
540
541
542
543
545
547
548
549
552
553
553
556
556
557
557
559
560
561
561
562
563
563
564
571
575
578
578
579
580
581
581
583
584
584
586
588
588
588
590
592
593
596
597
598
599
599
602
602
603
603
603
605
605
608
609
609
611
613
614
615
616
616
617
617
617
619
619
620
621
622
622
624
627
628
630
631
632
632
633
633
635
639
640
640
641
643
643
644
644
646
648
650
650
651
652
653
655
656
658
661
662
662
662
663
668
670
671
671
671
672
672
673
673
673
673
674
675
676
676
678
678
683
684
686
688
689
691
693
693
694
695
696
697
698
701
701
702
702
704
706
706
706
706
708
709
709
709
710
713
713
714
715
717
719
723
723
723
723
725
727
730
731
732
732
733
733
734
736
737
737
740
740
743
744
745
745
747
747
748
749
754
754
756
756
757
759
759
761
762
763
763
764
765
766
766
768
770
771
771
772
774
776
778
781
782
782
782
783
786
788
790
791
791
792
792
793
794
794
797
798
799
799
802
804
805
808
809
810
811
812
812
815
816
817
817
818
818
820
821
821
823
825
828
829
831
831
833
833
833
833
835
838
839
840
840
842
847
847
847
849
850
850
851
851
853
855
855
856
856
858
858
859
860
861
862
863
863
864
864
865
866
867
867
867
868
868
869
871
873
875
875
875
876
877
878
878
879
879
880
880
881
881
884
884
884
885
887
887
887
888
889
889
890
890
891
891
891
893
896
901
902
904
905
905
906
912
912
913
915
915
915
916
917
917
917
917
918
918
918
920
923
923
925
926
926
927
927
927
932
933
934
937
937
939
939
942
943
944
944
944
946
946
947
948
948
949
949
949
949
951
951
951
951
952
955
956
956
958
959
959
960
960
961
962
962
963
964
965
965
965
967
968
969
969
972
974
975
975
975
975
976
977
978
978
978
980
981
981
981
983
986
987
987
987
988
989
989
989
990
991
992
993
993
993
993
994
997
999
1000
1002
1005
1008
1008
1009
1013
1014
1015
1016
1016
1017
1019
1020
1020
1023
1023
1023
1025
1027
1029
1031
1034
1035
1036
1038
1040
1041
1042
1043
1043
1044
1044
1045
1045
1046
1047
1048
1048
1049
1050
1054
1055
1056
1056
1057
1058
1058
1059
1059
1060
1063
1064
1068
1068
1068
1073
1074
1078
1078
1080
1080
1082
1082
1083
1083
1083
1084
1085
1088
1088
1089
1091
1095
1095
1096
1097
1098
1101
1105
1105
1105
1108
1111
1111
1112
1112
1115
1115
1116
1117
1117
1122
1122
1123
1125
1126
1127
1127
1130
1130
1131
1131
1131
1134
1135
1137
1138
1139
1140
1140
1143
1144
1145
1145
1147
1152
1152
1153
1154
1155
1156
1161
1162
1163
1164
1166
1167
1167
1169
1170
1171
1174
1177
1179
1182
1183
1184
1186
1187
1189
1189
1190
1191
1195
1196
1197
1201
1201
1202
1202
1203
1205
1206
1212
1212
1213
1214
1214
1217
1217
1219
1219
1220
1220
1224
1224
1224
1225
1225
1225
1227
1227
1228
1228
1228
1229
1230
1230
1231
1233
1238
1238
1238
1240
1241
1243
1245
1245
1245
1246
1246
1248
1248
1248
1249
1249
1251
1252
1253
1254
1254
1255
1255
1257
1259
1259
1260
1260
1261
1262
1262
1262
1265
1266
1271
1272
1272
1274
1274
1275
1275
1278
1278
1279
1280
1281
1281
1281
1282
1283
1284
1285
1287
1287
1288
1289
1294
1294
1295
1296
1298
1298
1299
1299
1300
1302
1303
1303
1305
1305
1305
1305
1306
1307
1307
1308
1308
1308
1309
1310
1310
1313
1314
1315
1316
1320
1321
1323
1324
1327
1329
1330
1332
1332
1333
1334
1335
1335
1336
1336
1337
1339
1340
1340
1341
1342
1344
1345
1346
1349
1350
1350
1352
1353
1354
1355
1355
1357
1358
1359
1361
1361
1361
1361
1362
1363
1364
1369
1370
1370
1371
1372
1374
1375
1375
1376
1378
1378
1379
1380
1381
1382
1384
1384
1384
1385
1385
1385
1385
1386
1387
1387
1387
1388
1390
1390
1390
1391
1391
1392
1392
1392
1393
1395
1395
1396
1397
1398
1400
1401
1401
1402
1405
1405
1405
1406
1407
1410
1410
1411
1411
1412
1412
1412
1414
1414
1415
1415
1416
1417
1418
1421
1422
1422
1423
1423
1424
1424
1426
1427
1428
1429
1435
1436
1436
1438
1438
1438
1440
1440
1442
1445
1446
1446
1450
1450
1451
1452
1452
1453
1455
1456
1456
1457
1457
1461
1462
1463
1464
1465
1467
1470
1470
1470
1475
1475
1476
1477
1480
1481
1483
1483
1483
1484
1485
1485
1491
1491
1491
1493
1494
1497
1500
1502
1502
1502
1503
1503
1505
1506
1509
1509
1511
1511
1513
1515
1515
1516
1521
1521
1521
1521
1523
1524
1525
1526
1526
1527
1527
1527
1528
1528
1529
1531
1532
1532
1533
1534
1537
1537
1538
1538
1540
1542
1543
1543
1544
1545
1547
1550
1551
1552
1552
1553
1555
1556
1556
1558
1559
1559
1559
1560
1560
1564
1568
1572
1574
1579
1582
1583
1583
1584
1586
1586
1590
1590
1591
1591
1592
1593
1594
1594
1594
1595
1596
1597
1597
1597
1598
1599
1600
1601
1602
1605
1607
1608
1609
1610
1612
1616
1617
1617
1617
1621
1621
1623
1624
1624
1625
1625
1625
1625
1626
1626
1627
1631
1632
1633
1633
1636
1637
1638
1642
1643
1648
1649
1649
1650
1652
1652
1653
1653
1656
1658
1658
1658
1659
1660
1660
1661
1661
1661
1662
1662
1662
1664
1664
1665
1668
1668
1669
1670
1671
1672
1672
1673
1673
1675
1678
1679
1680
1680
1681
1684
1685
1685
1685
1689
1689
1690
1691
1692
1693
1694
1695
1696
1699
1699
1700
1702
1703
1706
1706
1708
1711
1713
1713
1713
1715
1715
1715
1717
1718
1722
1722
1723
1723
1723
1725
1725
1727
1728
1729
1730
1732
1733
1735
1736
1736
1737
1737
1737
1738
1738
1738
1739
1740
1741
1746
1747
1747
1748
1750
1751
1752
1752
1753
1753
1753
1754
1754
1756
1759
1760
1760
1762
1763
1763
1766
1766
1768
1768
1769
1769
1770
1771
1773
1774
1775
1776
1776
1776
1777
1777
1778
1778
1778
1779
1780
1780
1783
1783
1784
1784
1785
1786
1786
1787
1788
1790
1791
1791
1792
1793
1795
1795
1797
1798
1798
1799
1800
1800
1801
1807
1807
1807
1809
1809
1809
1813
1813
1814
1816
1816
1817
1817
1819
1820
1821
1821
1824
1826
1829
1831
1833
1836
1837
1838
1839
1840
1840
1840
1842
1842
1843
1844
1845
1847
1848
1848
1849
1850
1851
1854
1854
1855
1857
1857
1858
1858
1860
1860
1861
1861
1864
1866
1868
1870
1871
1872
1872
1874
1876
1878
1882
1883
1884
1884
1884
1886
1887
1887
1887
1887
1888
1890
1890
1890
1892
1893
1893
1895
1897
1899
1899
1901
1902
1903
1904
1909
1910
1910
1910
1910
1910
1912
1913
1914
1917
1917
1917
1918
1918
1921
1923
1923
1925
1926
1927
1929
1931
1931
1932
1933
1933
1939
1941
1941
1943
1943
1949
1950
1951
1952
1952
1953
1953
1954
1954
1955
1955
1955
1955
1955
1957
1958
1959
1960
1960
1960
1961
1961
1963
1963
1966
1967
1968
1971
1971
1972
1973
1974
1975
1977
1978
1979
1980
1981
1984
1985
1985
1987
1988
1988
1990
1990
1991
1991
1991
1992
1992
1992
1993
1995
1996
1999
2000
2001
2003
2004
2007
2008
2008
2008
2010
2011
2013
2014
2015
2015
2016
2016
2017
2017
2018
2019
2019
2020
2020
2021
2022
2022
2022
2022
2023
2023
2023
2024
2025
2026
2027
2028
2029
2029
2033
2034
2035
2035
2035
2036
2036
2036
2038
2039
2041
2042
2042
2045
2045
2046
2046
2049
2051
2058
2059
2060
2060
2060
2063
2065
2066
2068
2068
2069
2069
2072
2073
2074
2074
2075
2075
2077
2077
2078
2079
2081
2083
2084
2086
2087
2087
2090
2090
2091
2091
2092
2092
2092
2092
2092
2094
2094
2095
2096
2096
2097
2097
2097
2099
2099
2100
2101
2102
2106
2108
2109
2109
2110
2111
2112
2113
2113
2114
2115
2116
2117
2118
2119
2119
2121
2122
2123
2124
2126
2128
2128
2131
2134
2135
2136
2137
2137
2139
2139
2140
2141
2142
2143
2145
2147
2148
2151
2152
2153
2153
2154
2154
2155
2156
2157
2157
2158
2158
2161
2161
2162
2163
2164
2166
2166
2167
2169
2170
2170
2170
2171
2176
2178
2179
2183
2186
2188
2189
2193
2193
2193
2193
2194
2194
2195
2195
2196
2196
2196
2197
2198
2199
2200
2201
2201
2202
2203
2206
2207
2208
2208
2211
2212
2214
2216
2217
2218
2219
2221
2223
2223
2224
2227
2228
2229
2230
2232
2232
2233
2233
2234
2234
2234
2239
2239
2239
2240
2240
2248
2249
2250
2250
2251
2251
2253
2255
2260
2261
2264
2268
2268
2268
2269
2269
2271
2272
2272
2273
2275
2277
2277
2279
2279
2280
2281
2282
2284
2284
2285
2287
2287
2287
2288
2288
2289
2292
2292
2293
2294
2295
2297
2300
2302
2303
2304
2305
2305
2305
2307
2308
2310
2310
2310
2310
2314
2315
2315
2317
2318
2319
2319
2319
2322
2324
2324
2324
2325
2325
2326
2328
2328
2330
2331
2331
2331
2331
2331
2333
2334
2334
2334
2336
2337
2341
2343
2344
2344
2344
2345
2345
2349
2351
2351
2351
2351
2352
2352
2353
2353
2353
2353
2354
2357
2357
2357
2359
2360
2361
2361
2363
2366
2366
2367
2368
2368
2374
2375
2376
2379
2379
2381
2382
2384
2384
2384
2384
2385
2385
2386
2386
2387
2388
2388
2388
2389
2390
2391
2393
2394
2396
2398
2401
2401
2401
2402
2402
2402
2407
2408
2412
2413
2414
2415
2416
2416
2416
2417
2417
2420
2420
2422
2423
2424
2424
2425
2430
2430
2430
2430
2432
2433
2434
2435
2435
2435
2435
2437
2438
2438
2440
2440
2441
2441
2442
2443
2447
2447
2447
2449
2449
2450
2453
2454
2454
2455
2458
2459
2461
2462
2463
2465
2467
2468
2471
2472
2473
2474
2477
2477
2480
2481
2481
2483
2484
2485
2486
2486
2488
2489
2491
2491
2492
2492
2493
2493
2493
2496
2497
2497
2498
2498
2500
2501
2503
2504
2507
2508
2511
2511
2512
2513
2514
2515
2517
2517
2517
2518
2519
2519
2519
2520
2523
2523
2524
2525
2525
2526
2533
2538
2543
2543
2547
2547
2551
2552
2552
2555
2556
2559
2559
2560
2561
2561
2562
2563
2564
2567
2567
2568
2568
2570
2571
2572
2572
2572
2575
2576
2577
2578
2582
2583
2583
2584
2584
2584
2584
2587
2590
2590
2592
2593
2594
2598
2599
2602
2603
2603
2604
2606
2608
2608
2608
2609
2610
2611
2615
2615
2619
2620
2620
2623
2624
2624
2626
2626
2627
2628
2632
2633
2634
2635
2635
2636
2637
2647
2648
2649
2650
2651
2654
2656
2658
2658
2659
2659
2660
2660
2660
2661
2662
2664
2664
2664
2665
2665
2666
2667
2668
2668
2669
2672
2673
2674
2676
2677
2678
2679
2680
2680
2680
2681
2682
2684
2684
2686
2686
2686
2690
2694
2694
2695
2696
2696
2697
2701
2701
2702
2702
2703
2705
2708
2709
2710
2710
2711
2711
2712
2712
2713
2714
2715
2715
2716
2717
2720
2720
2720
2721
2723
2724
2724
2728
2729
2730
2730
2730
2731
2732
2732
2733
2733
2735
2736
2736
2741
2741
2743
2744
2744
2744
2744
2744
2746
2746
2747
2747
2748
2749
2750
2751
2751
2752
2753
2756
2757
2757
2757
2758
2758
2760
2763
2764
2764
2764
2767
2769
2770
2770
2771
2771
2771
2773
2775
2775
2779
2779
2779
2779
2781
2781
2781
2782
2783
2784
2786
2788
2790
2791
2791
2792
2792
2793
2794
2794
2794
2795
2795
2796
2798
2798
2798
2802
2804
2805
2808
2808
2809
2809
2812
2812
2817
2818
2821
2822
2823
2824
2827
2829
2831
2831
2832
2832
2832
2832
2834
2834
2836
2837
2837
2837
2840
2841
2841
2841
2845
2845
2848
2849
2850
2850
2851
2853
2854
2856
2859
2859
2862
2862
2863
2863
2865
2866
2866
2866
2869
2870
2870
2871
2874
2875
2875
2881
2883
2885
2888
2889
2889
2891
2891
2892
2892
2894
2894
2899
2900
2900
2901
2903
2904
2906
2907
2908
2910
2913
2915
2916
2917
2918
2919
2921
2922
2922
2926
2927
2927
2927
2927
2928
2931
2931
2931
2932
2932
2934
2934
2938
2943
2943
2944
2945
2945
2946
2948
2949
2950
2950
2950
2953
2955
2956
2957
2958
2958
2959
2959
2960
2961
2961
2962
2963
2964
2965
2965
2966
2967
2967
2968
2968
2969
2970
2971
2971
2974
2974
2978
2979
2981
2981
2984
2985
2985
2988
2990
2992
2992
2992
2992
2993
2993
2993
2994
2994
2995
2996
2997
2998
2998
2999
2999
