237
2257
2042
1754
396
2585
2081
746
2461
1793
402
1258
2815
1811
830
2179
1172
2419
2337
2515
1931
141
980
529
1265
451
1274
1687
1542
975
2144
2197
491
1458
2390
175
1929
2982
746
13
2820
2430
35
2195
1271
1784
291
100
873
2924
478
2024
62
108
2159
2775
1216
2256
202
897
2892
493
2236
1083
1721
1769
1094
2160
1458
1893
2609
602
1709
447
395
979
2580
476
167
2517
921
1182
1939
1873
1151
983
1611
2848
339
955
1387
276
1977
1843
329
1986
1443
1555
1305
1247
429
697
762
124
291
1632
2142
503
1819
1529
414
775
327
2933
116
1612
1971
2770
1346
688
2382
1311
2016
2398
1995
701
1899
2110
2126
2076
2969
1009
1492
2175
2017
927
1867
1277
2582
1971
1088
53
1733
2944
2048
237
20
59
2342
1567
834
1492
1315
2329
142
378
1276
1919
2823
2265
469
1367
2538
2675
931
2377
1458
888
1152
1321
306
1467
1575
2226
446
2252
583
2049
1384
1323
828
627
1982
423
1960
2316
912
2827
2241
1797
1831
1466
1613
2609
2929
983
32
2740
1681
2267
2406
1081
932
979
1740
982
2878
2813
1840
1550
43
1776
121
2931
2073
2230
2312
741
1058
1343
1494
2900
2024
1050
2688
2750
1953
450
2398
2221
2938
659
2009
400
2624
1055
1778
12
2922
794
239
1807
2297
1774
1104
90
241
588
232
2536
538
1960
239
1790
1951
879
764
1969
1247
1936
2344
839
1266
1364
2886
739
2131
2267
262
2145
1860
2556
2896
1321
2848
2577
1142
643
2113
2589
651
1376
1073
1259
2359
313
278
1004
2780
1159
23
788
2467
358
2883
146
2023
2094
177
1011
2188
1583
2329
2137
120
2960
1649
477
1511
2460
1645
2182
1621
2987
262
2084
707
1960
2738
702
1469
132
132
996
1467
1742
322
2706
2787
1389
1789
1002
1183
1740
1126
1525
2914
2184
587
1421
702
2937
664
2994
290
250
467
2503
999
1799
128
152
377
1843
2675
2803
555
1675
1195
600
491
811
627
222
2253
410
2909
1555
1923
2900
936
1791
409
1652
2600
1590
1182
2644
1796
2312
551
2419
1002
1255
2414
2161
1791
1388
1824
1394
1395
871
1605
1212
2896
2553
2976
543
2756
855
2733
1665
2884
1317
1250
2883
2440
1741
126
2643
702
795
231
134
1894
1558
1960
1186
2996
309
1031
989
156
2779
508
862
1552
1704
413
166
2845
1758
2902
1106
1788
1381
70
2456
468
1315
2061
1044
2660
2492
1770
2878
38
377
2441
2057
2887
1408
2857
2322
2276
888
804
1499
1558
752
1999
851
462
779
1241
156
2891
1761
273
1113
2008
2773
1792
498
1291
630
2109
1037
992
509
71
1131
2908
1378
2541
2348
1653
1251
1618
2800
1271
91
204
1171
2369
2842
2107
99
1726
2694
2727
2729
1576
150
2506
2722
687
2807
116
1569
982
1301
1509
939
22
608
2158
519
2988
416
1792
2552
2982
366
1822
912
2204
2072
247
314
2385
2737
875
2172
2632
427
943
1272
2403
625
859
1837
1038
1262
632
1111
1746
1564
1903
2783
454
2954
2245
2368
592
2029
2682
880
1889
2553
1241
2062
2711
2652
1250
2487
924
2495
443
1991
2843
2050
661
1302
2555
1027
1226
2368
1659
59
1165
473
869
2333
1698
1628
680
1539
2692
750
2070
2487
2909
2147
2180
2443
192
2652
248
622
530
212
2252
2956
1839
582
2696
512
1089
2773
1350
1329
1420
679
855
2606
1685
2255
2171
2014
2648
1861
1622
1216
2608
269
2478
540
2377
2321
1504
1293
2377
1499
970
748
2037
2554
1771
1722
1049
1056
2895
2361
1775
1871
1079
2384
521
670
1285
2329
1329
2068
68
2616
1493
127
222
1826
1200
1832
1944
2951
507
735
2184
1878
1243
2935
1255
2556
2204
1902
1529
801
2188
1404
592
743
250
2925
784
151
652
2220
2190
74
616
2877
1506
1881
970
1559
2292
2881
437
1941
187
318
1237
1248
1623
867
928
251
2504
268
381
514
208
1248
1324
15
571
78
1573
2954
127
1962
1213
2621
710
12
2195
2529
1648
2286
1385
2769
1238
1456
998
2521
1
994
1024
1618
2673
1677
479
2557
258
1366
732
1841
160
2160
992
579
731
37
2841
185
533
1201
2903
1267
96
395
1741
686
990
720
619
2126
1208
182
1929
1144
2423
1738
893
1137
857
1358
621
2414
155
834
2001
1850
2358
574
2871
1477
716
778
834
2671
1433
1579
653
1065
1406
2498
288
1587
1272
2361
2493
64
2991
2149
93
2075
2387
2091
1132
532
73
777
2539
442
315
1250
1948
599
1158
372
367
1875
2965
1090
1387
2310
1891
1025
185
645
1637
354
2866
2263
2197
1275
2793
1205
531
442
2499
1805
1694
2031
1099
2482
2992
1292
2874
817
192
403
1083
1617
1489
2165
565
16
2024
2459
929
879
1651
954
956
1489
1652
576
102
2541
1997
621
1592
285
2413
1361
2373
2651
1992
1672
1335
711
1605
564
410
2303
1857
2039
878
452
1098
2898
2110
2884
1638
1327
2341
1058
761
752
552
2150
1628
2627
1958
2858
643
2947
2357
714
415
1499
1638
1958
2354
1369
2440
1800
1850
332
2090
2789
2908
556
658
1770
1898
1045
2883
1461
2543
647
1731
1636
1902
781
2602
1629
2691
640
214
916
273
2464
2940
802
1379
2046
1481
2880
990
513
1934
528
1459
747
898
204
643
1615
1201
1574
418
1385
450
1099
518
346
1679
1629
41
454
1965
2899
570
2604
2547
2927
923
385
704
36
131
745
2469
1969
2811
2436
1145
2671
1621
2121
611
419
2944
1634
2274
160
2728
107
1161
1612
2283
496
2398
749
2350
1986
945
2088
2142
2325
2898
1822
2923
1801
2155
708
487
379
2037
2037
564
1056
1750
1758
2266
2325
415
1237
704
614
1884
175
2154
1601
1325
1253
2873
2318
418
1906
273
158
2075
2580
2244
836
1685
1164
787
932
2704
980
28
2039
541
12
647
2856
1101
1656
2698
110
2749
2810
1173
1711
2134
879
112
117
816
1937
1440
2823
998
2385
2728
2583
1709
2798
2716
867
2623
2070
2353
658
1740
1656
824
2165
1368
4
130
576
2119
1136
1966
292
388
1735
501
1146
2689
1328
910
406
2049
1617
2853
2813
553
1229
1886
2796
2422
1313
2775
2030
1640
231
2564
2226
1507
669
1228
1287
1966
374
665
2397
2188
2298
1533
2138
2424
460
1863
485
2654
1224
2013
2810
2709
2047
1260
138
2248
104
1954
2535
2051
2893
2397
2297
995
335
2060
2496
454
1175
347
638
2226
1899
12
1008
66
2336
736
985
1634
2490
2614
171
315
349
1226
2923
154
2639
1543
2623
1931
165
79
1239
484
2135
486
1558
2436
216
1599
571
434
1501
2870
2056
17
146
189
2230
2537
2611
1154
555
1425
1558
2342
666
744
1227
1688
1805
2804
1700
823
296
162
983
966
773
2683
2333
2490
168
2847
590
1872
1495
1475
2867
649
2440
886
2664
1863
1175
546
380
2217
1378
1430
678
2762
2290
2064
70
1664
1584
992
1165
2457
2210
2919
234
536
345
6
1825
820
72
1524
1866
777
491
2999
2380
1144
2122
195
1564
2617
1472
952
2382
1434
1172
2029
1622
2015
2107
2155
340
2937
1520
349
2994
2492
1706
2107
2979
2951
616
2238
1825
2800
2059
838
1131
2864
1248
687
1105
1514
2328
1913
1510
2610
782
1030
185
816
2717
1719
1912
2379
1756
984
17
2258
2679
2970
2990
1238
1786
2231
1853
1179
1788
1032
1257
405
1718
162
72
296
111
2231
2666
2431
1597
792
1963
1646
954
384
2821
2571
401
1116
61
2255
995
1479
1135
1763
1634
1554
1393
1549
1138
2856
1898
1194
279
1312
1109
1413
2303
2836
502
2670
252
2206
1039
1254
590
2825
1935
2046
1347
293
2200
1319
1156
5
427
1828
1077
1971
67
2715
2440
564
986
1763
40
1357
1204
872
1789
404
1886
1993
1344
2388
1666
339
996
2688
274
1086
1327
1328
2159
309
2108
1897
1829
955
2879
1199
2740
2553
1212
1566
278
700
1132
894
1560
2931
1300
1989
1743
990
2228
2542
1384
2161
1105
2063
131
2896
2160
1568
1693
2477
800
951
945
1390
1194
1385
699
1553
1264
1187
897
785
2119
1806
1365
538
2114
1561
979
1183
2180
345
644
942
1714
2267
781
2273
1179
1201
927
829
300
2059
931
903
1220
2373
42
1706
1257
1511
1382
1709
1534
1658
201
2314
1466
2277
144
2978
2037
2487
2027
2379
321
160
2276
1307
43
528
1857
1366
2733
2265
176
1924
457
224
774
1758
516
389
731
870
84
2893
2878
1982
807
301
1281
593
2250
1095
2776
2894
2499
761
1588
1132
2324
152
1342
687
2541
332
794
87
244
1389
2826
889
987
1955
2699
279
710
347
2905
1411
2135
2885
346
2930
424
1354
2001
115
20
2059
537
2158
19
2493
915
1753
2513
2737
2119
758
1873
1384
1419
8
411
2051
1451
1068
831
696
2805
269
1916
1824
879
960
1210
1206
2416
30
2400
1058
2551
2951
1403
2627
596
2891
836
1340
1777
1915
2605
2933
1765
2439
1576
1890
413
57
2035
960
7
655
627
412
1644
1454
796
6
2049
1905
1851
1130
2139
537
353
1447
2300
439
212
1480
118
1476
2907
1793
2643
2009
1837
1556
2239
1451
2959
16
1811
926
353
1411
766
1058
1403
1062
969
1411
297
551
2024
466
2544
1092
1480
1865
2644
1995
746
812
1784
934
2138
179
488
732
1804
1820
1310
1459
2220
1141
2472
697
832
1823
906
1163
1140
2558
2966
2284
1993
2892
692
2054
2836
1878
695
1119
1527
2519
1734
859
2782
1032
164
2759
1480
1697
973
1646
927
1240
285
2460
2254
792
2934
439
2766
198
1173
1062
2172
2821
1210
2850
259
2361
1019
2849
1826
2624
2156
2057
562
1957
2972
1025
1391
510
2127
2267
1792
253
1020
1950
1836
2163
1386
97
1722
2232
388
2657
597
2560
254
2419
2018
71
1106
2949
1800
1045
780
1942
2099
317
310
630
2237
2239
2632
1920
1418
2877
2200
2669
1302
1027
427
1602
2165
831
2005
337
1862
2496
1834
2445
61
860
1497
1710
2028
1889
2978
925
2221
2149
1172
1906
1806
544
2373
745
2058
2215
1439
42
384
100
2899
2928
2706
2968
1477
1145
484
387
1028
52
263
1307
676
2010
2449
600
2386
330
2763
976
139
2984
703
1430
1386
2408
2779
1996
1716
1836
2166
1386
2809
646
414
1663
673
383
1628
2500
952
2661
2981
1120
1776
1819
581
1006
2929
2554
770
835
984
573
2819
1379
777
923
2611
2779
674
2702
2637
1713
742
1792
2253
2831
1123
2373
2249
1087
313
1275
771
1464
1447
2014
1908
151
1051
424
270
2865
2357
1653
2261
212
2544
2045
836
990
2223
2515
2552
1317
248
2586
1067
2557
1968
192
1143
2712
1659
2098
4
1239
61
1582
976
383
2274
1456
1746
1015
2399
1100
1379
638
2827
2506
2730
2769
2797
1800
1211
946
2987
2497
2227
1964
1028
2755
1874
1738
979
2654
1245
1344
432
1241
247
2282
2749
886
539
776
1074
1454
2353
707
1893
1887
1450
537
1169
1049
378
364
2818
2120
1066
1457
1275
204
662
251
1164
996
1225
2840
2987
633
1771
2436
1581
1783
2293
2905
2889
206
417
1208
1546
23
136
185
1087
609
2281
2855
2497
36
563
615
1728
2773
1576
2614
2770
2175
1230
2146
1634
2699
1682
2057
400
2822
923
134
2178
2473
64
1002
39
2534
1856
1110
2884
1286
2757
2759
1253
127
1691
1106
809
1907
962
2463
826
1692
1949
2899
2728
683
919
1557
1410
311
2394
1146
520
1003
1115
2195
2295
409
1837
2516
2730
210
1600
2488
2489
2007
494
1312
1761
2729
1314
1506
216
2909
709
1918
2026
2492
2710
2444
2725
583
2013
1193
374
1511
877
433
2735
1650
2244
502
973
1554
640
2870
2441
1719
2823
499
2475
1181
1427
2939
2886
504
736
2408
2389
460
2291
994
2800
1465
2778
1512
1562
1947
2178
2134
1962
631
1704
128
2251
2034
2960
2845
1242
252
2035
1415
1149
1441
105
1374
43
1064
2859
2860
931
2453
2731
891
2476
177
290
83
1838
1193
2022
384
2220
2508
511
264
1383
1845
2324
913
2712
2921
1358
9
2225
2554
2992
1383
216
2834
2729
487
1409
2388
585
1588
1135
2067
2380
2949
2079
350
581
2825
1234
1395
850
2407
748
96
384
103
21
1858
443
1468
44
1524
2356
2907
211
2369
2584
4
2403
2388
472
2631
525
2660
1698
2475
1617
990
1756
1095
1719
2146
1376
1299
1264
2264
512
929
736
1779
2239
2373
1794
539
58
2924
2335
761
473
408
661
995
2670
121
2865
1247
2961
2456
1016
2860
1773
725
727
996
731
2856
1205
2254
1529
2284
2962
2209
2230
1816
95
1554
2060
2639
1857
1294
1443
2639
259
2483
2678
1782
2863
1200
1413
985
816
2102
2894
2638
2791
2574
2656
1833
1801
1385
701
1964
2049
1279
1163
2112
1831
2007
1072
1632
988
669
1768
1588
737
1769
1917
1347
483
2660
1449
1649
2957
558
2082
2248
1083
2499
2346
2171
2134
372
2290
366
2224
1873
1387
1945
2910
476
249
1579
149
784
2197
1107
1994
2777
1117
482
1627
110
2002
1541
579
2009
557
1902
1062
1567
150
2177
2777
882
419
2932
2836
1571
730
808
2864
997
1563
2773
223
1726
2901
841
1572
1094
1123
809
728
922
1787
1064
2798
1146
2611
692
860
1766
760
520
478
48
1380
2124
648
826
1931
1169
1544
2104
123
2968
462
2784
2725
2522
42
94
332
2514
2808
2732
1313
791
745
1823
881
798
2857
2988
2147
2876
2001
353
1730
2968
1865
1825
1619
1823
1604
2679
2435
2793
2607
1980
1145
441
207
2283
2019
2874
438
953
48
2653
866
1578
1361
2303
2458
2758
1237
1383
2726
2963
1407
2006
2730
2812
2950
1142
1902
839
161
2373
1653
1493
1340
1979
104
234
1884
854
2159
2244
1459
1703
1251
312
2937
2549
2595
711
1135
648
809
536
1
2056
2447
224
1623
1748
1979
2220
992
454
1725
1015
108
1955
2233
2927
667
1608
2574
1937
1751
561
1530
2773
948
1787
1895
796
1936
1713
285
781
1034
2268
565
1096
675
1778
2936
2402
539
2217
2706
2831
586
446
2998
1133
2981
2534
2135
2364
2880
1909
1665
188
2974
2597
1706
2872
482
1358
664
2550
992
1916
1255
232
590
1535
1727
980
2000
2235
864
2167
2645
1423
1380
513
2380
2515
903
1842
2562
1090
1141
419
11
1495
1248
679
1761
1596
2476
1615
1182
1558
1186
2588
2299
1476
925
1776
2771
2758
996
1814
2319
155
1756
288
2430
658
514
1446
2912
1906
818
1252
2807
1653
2790
1501
2563
2727
191
1931
633
452
1049
881
335
2184
2542
2152
2190
1344
2154
1413
148
1373
485
2547
2117
585
2898
2557
2078
1306
764
2868
942
2107
1264
1718
2642
2890
2379
104
2659
1580
680
1242
2277
972
910
2360
2183
1083
2300
434
2682
962
346
2625
1559
147
622
1897
2210
2389
759
2446
829
2429
2073
2423
674
2529
2541
1464
337
2521
1076
211
1114
343
1441
1886
1840
1653
552
704
579
2821
263
748
816
2923
2783
1528
1302
527
294
2000
583
647
2509
2795
257
1762
2593
2464
888
2559
1464
1833
2674
747
682
92
1143
1321
882
1619
419
2971
895
2514
2234
1223
1019
445
846
981
1263
1884
2336
1517
2081
895
1041
542
251
979
19
2553
2921
1623
2601
2524
199
1704
1807
1474
2277
31
2576
2464
1744
1645
2906
2562
1069
429
8
1163
2717
2055
2716
2692
264
805
2030
1795
2079
630
2070
21
874
1289
1826
287
1506
1180
2604
406
1141
1345
2620
2367
1588
809
5
2224
610
2851
1374
2988
259
485
1359
1294
2166
1787
1494
749
2545
662
173
1686
376
195
2642
2528
1833
1740
2235
728
1671
2996
19
908
1568
1836
1934
2668
2485
1027
1980
1509
2398
378
294
1856
1208
2245
2147
711
1981
485
2028
2848
501
1002
2676
2378
2878
1286
2318
1819
1062
253
906
1804
120
280
